2 1 3
3 1 0.583333
4 1 0.0902778
5 1 0.0105
6 1 0.00095679
7 1 0.0000710683
8 1 0.0000044375
9 1 0.000000238476
10 1 .0000000112346
3 2 2.5
4 2 1.55556
5 2 0.325
6 2 0.213333
7 2 0.0283447
8 2 0.0184949
9 2 0.00175754
10 2 0.0011358
4 3 2.33333
5 3 1.6875
6 3 1.32
7 3 0.22619
8 3 0.168367
9 3 0.130208
10 3 0.0137037
5 4 2.25
6 4 1.76
7 4 1.44444
8 4 1.22449
9 4 0.173611
10 4 0.138272
6 5 2.2
7 5 1.80556
8 5 1.53061
9 5 1.32813
10 5 1.17284
7 6 2.16667
8 6 1.83673
9 6 1.59375
10 6 1.40741
8 7 2.14286
9 7 1.85938
10 7 1.64198
9 8 2.125
10 8 1.87654
10 9 2.11111
