0 2
1 0
2 0
3 0
4 2
5 0
6 0
7 0
8 3
9 0
10 0
11 0
12 3
13 0
14 0
15 0
16 2
17 0
18 0
19 0
20 2
21 0
22 0
23 0
24 3
25 0
26 0
27 0
28 3
29 0
30 0
31 0
32 5
33 0
34 0
35 0
36 5
37 0
38 0
39 0
40 23
41 0
42 0
43 0
44 23
45 0
46 0
47 0
48 5
49 0
50 0
51 0
52 5
53 0
54 0
55 0
56 23
57 0
58 0
59 0
60 23
61 0
62 0
63 0
64 6
65 0
66 0
67 0
68 6
69 0
70 0
71 0
72 79
73 0
74 0
75 0
76 79
77 0
78 0
79 0
80 6
81 0
82 0
83 0
84 6
85 0
86 0
87 0
88 79
89 0
90 0
91 0
92 79
93 0
94 0
95 0
96 49
97 0
98 0
99 0
100 49
101 0
102 0
103 0
104 79
105 0
106 0
107 0
108 79
109 0
110 0
111 0
112 49
113 0
114 0
115 0
116 49
117 0
118 0
119 0
120 79
121 0
122 0
123 0
124 79
125 0
126 0
127 0
128 7
129 0
130 0
131 0
132 7
133 0
134 0
135 0
136 143
137 0
138 0
139 0
140 143
141 0
142 0
143 0
144 7
145 0
146 0
147 0
148 7
149 0
150 0
151 0
152 143
153 0
154 0
155 0
156 143
157 0
158 0
159 0
160 7
161 0
162 0
163 0
164 7
165 0
166 0
167 0
168 143
169 0
170 0
171 0
172 143
173 0
174 0
175 0
176 7
177 0
178 0
179 0
180 7
181 0
182 0
183 0
184 143
185 0
186 0
187 0
188 143
189 0
190 0
191 0
192 49
193 0
194 0
195 0
196 49
197 0
198 0
199 0
200 2207
201 0
202 0
203 0
204 2207
205 0
206 0
207 0
208 49
209 0
210 0
211 0
212 49
213 0
214 0
215 0
216 2207
217 0
218 0
219 0
220 2207
221 0
222 0
223 0
224 49
225 0
226 0
227 0
228 49
229 0
230 0
231 0
232 2207
233 0
234 0
235 0
236 2207
237 0
238 0
239 0
240 49
241 0
242 0
243 0
244 49
245 0
246 0
247 0
248 2207
249 0
250 0
251 0
252 2207
253 0
254 0
255 0
256 8
257 0
258 0
259 0
260 8
261 0
262 0
263 0
264 27
265 0
266 0
267 0
268 27
269 0
270 0
271 0
272 8
273 0
274 0
275 0
276 8
277 0
278 0
279 0
280 27
281 0
282 0
283 0
284 27
285 0
286 0
287 0
288 27
289 0
290 0
291 0
292 27
293 0
294 0
295 0
296 27
297 0
298 0
299 0
300 27
301 0
302 0
303 0
304 27
305 0
306 0
307 0
308 27
309 0
310 0
311 0
312 27
313 0
314 0
315 0
316 27
317 0
318 0
319 0
320 216
321 0
322 0
323 0
324 216
325 0
326 0
327 0
328 3879
329 0
330 0
331 0
332 3879
333 0
334 0
335 0
336 216
337 0
338 0
339 0
340 216
341 0
342 0
343 0
344 3879
345 0
346 0
347 0
348 3879
349 0
350 0
351 0
352 1975
353 0
354 0
355 0
356 1975
357 0
358 0
359 0
360 3879
361 0
362 0
363 0
364 3879
365 0
366 0
367 0
368 1975
369 0
370 0
371 0
372 1975
373 0
374 0
375 0
376 3879
377 0
378 0
379 0
380 3879
381 0
382 0
383 0
384 1001
385 0
386 0
387 0
388 1001
389 0
390 0
391 0
392 5719
393 0
394 0
395 0
396 5719
397 0
398 0
399 0
400 1001
401 0
402 0
403 0
404 1001
405 0
406 0
407 0
408 5719
409 0
410 0
411 0
412 5719
413 0
414 0
415 0
416 1001
417 0
418 0
419 0
420 1001
421 0
422 0
423 0
424 5719
425 0
426 0
427 0
428 5719
429 0
430 0
431 0
432 1001
433 0
434 0
435 0
436 1001
437 0
438 0
439 0
440 5719
441 0
442 0
443 0
444 5719
445 0
446 0
447 0
448 47089
449 0
450 0
451 0
452 47089
453 0
454 0
455 0
456 47089
457 0
458 0
459 0
460 47089
461 0
462 0
463 0
464 47089
465 0
466 0
467 0
468 47089
469 0
470 0
471 0
472 47089
473 0
474 0
475 0
476 47089
477 0
478 0
479 0
480 48769
481 0
482 0
483 0
484 48769
485 0
486 0
487 0
488 58775
489 0
490 0
491 0
492 58775
493 0
494 0
495 0
496 48769
497 0
498 0
499 0
500 48769
501 0
502 0
503 0
504 58775
505 0
506 0
507 0
508 58775
509 0
510 0
511 0
512 3
513 0
514 0
515 0
516 3
517 0
518 0
519 0
520 3
521 0
522 0
523 0
524 3
525 0
526 0
527 0
528 3
529 0
530 0
531 0
532 3
533 0
534 0
535 0
536 3
537 0
538 0
539 0
540 3
541 0
542 0
543 0
544 27
545 0
546 0
547 0
548 27
549 0
550 0
551 0
552 27
553 0
554 0
555 0
556 27
557 0
558 0
559 0
560 27
561 0
562 0
563 0
564 27
565 0
566 0
567 0
568 27
569 0
570 0
571 0
572 27
573 0
574 0
575 0
576 415
577 0
578 0
579 0
580 415
581 0
582 0
583 0
584 707
585 0
586 0
587 0
588 707
589 0
590 0
591 0
592 415
593 0
594 0
595 0
596 415
597 0
598 0
599 0
600 707
601 0
602 0
603 0
604 707
605 0
606 0
607 0
608 415
609 0
610 0
611 0
612 415
613 0
614 0
615 0
616 1695
617 0
618 0
619 0
620 1695
621 0
622 0
623 0
624 415
625 0
626 0
627 0
628 415
629 0
630 0
631 0
632 1695
633 0
634 0
635 0
636 1695
637 0
638 0
639 0
640 125
641 0
642 0
643 0
644 125
645 0
646 0
647 0
648 143
649 0
650 0
651 0
652 143
653 0
654 0
655 0
656 125
657 0
658 0
659 0
660 125
661 0
662 0
663 0
664 143
665 0
666 0
667 0
668 143
669 0
670 0
671 0
672 125
673 0
674 0
675 0
676 125
677 0
678 0
679 0
680 143
681 0
682 0
683 0
684 143
685 0
686 0
687 0
688 125
689 0
690 0
691 0
692 125
693 0
694 0
695 0
696 143
697 0
698 0
699 0
700 143
701 0
702 0
703 0
704 2753
705 0
706 0
707 0
708 2753
709 0
710 0
711 0
712 37131
713 0
714 0
715 0
716 37131
717 0
718 0
719 0
720 2753
721 0
722 0
723 0
724 2753
725 0
726 0
727 0
728 37131
729 0
730 0
731 0
732 37131
733 0
734 0
735 0
736 37131
737 0
738 0
739 0
740 37131
741 0
742 0
743 0
744 37131
745 0
746 0
747 0
748 37131
749 0
750 0
751 0
752 37131
753 0
754 0
755 0
756 37131
757 0
758 0
759 0
760 37131
761 0
762 0
763 0
764 37131
765 0
766 0
767 0
768 27
769 0
770 0
771 0
772 27
773 0
774 0
775 0
776 27
777 0
778 0
779 0
780 27
781 0
782 0
783 0
784 27
785 0
786 0
787 0
788 27
789 0
790 0
791 0
792 27
793 0
794 0
795 0
796 27
797 0
798 0
799 0
800 27
801 0
802 0
803 0
804 27
805 0
806 0
807 0
808 27
809 0
810 0
811 0
812 27
813 0
814 0
815 0
816 27
817 0
818 0
819 0
820 27
821 0
822 0
823 0
824 27
825 0
826 0
827 0
828 27
829 0
830 0
831 0
832 4977
833 0
834 0
835 0
836 4977
837 0
838 0
839 0
840 10089
841 0
842 0
843 0
844 10089
845 0
846 0
847 0
848 4977
849 0
850 0
851 0
852 4977
853 0
854 0
855 0
856 10089
857 0
858 0
859 0
860 10089
861 0
862 0
863 0
864 4977
865 0
866 0
867 0
868 4977
869 0
870 0
871 0
872 23117
873 0
874 0
875 0
876 23117
877 0
878 0
879 0
880 4977
881 0
882 0
883 0
884 4977
885 0
886 0
887 0
888 23117
889 0
890 0
891 0
892 23117
893 0
894 0
895 0
896 6393
897 0
898 0
899 0
900 6393
901 0
902 0
903 0
904 35785
905 0
906 0
907 0
908 35785
909 0
910 0
911 0
912 6393
913 0
914 0
915 0
916 6393
917 0
918 0
919 0
920 35785
921 0
922 0
923 0
924 35785
925 0
926 0
927 0
928 6393
929 0
930 0
931 0
932 6393
933 0
934 0
935 0
936 128821
937 0
938 0
939 0
940 128821
941 0
942 0
943 0
944 6393
945 0
946 0
947 0
948 6393
949 0
950 0
951 0
952 128821
953 0
954 0
955 0
956 128821
957 0
958 0
959 0
960 569669
961 0
962 0
963 0
964 569669
965 0
966 0
967 0
968 569669
969 0
970 0
971 0
972 569669
973 0
974 0
975 0
976 569669
977 0
978 0
979 0
980 569669
981 0
982 0
983 0
984 569669
985 0
986 0
987 0
988 569669
989 0
990 0
991 0
992 569669
993 0
994 0
995 0
996 569669
997 0
998 0
999 0
1000 569669
1001 0
1002 0
1003 0
1004 569669
1005 0
1006 0
1007 0
1008 569669
1009 0
1010 0
1011 0
1012 569669
1013 0
1014 0
1015 0
1016 569669
1017 0
1018 0
1019 0
1020 569669
1021 0
1022 0
1023 0
1024 7
1025 0
1026 0
1027 0
1028 7
1029 0
1030 0
1031 0
1032 13
1033 0
1034 0
1035 0
1036 13
1037 0
1038 0
1039 0
1040 7
1041 0
1042 0
1043 0
1044 7
1045 0
1046 0
1047 0
1048 13
1049 0
1050 0
1051 0
1052 13
1053 0
1054 0
1055 0
1056 7
1057 0
1058 0
1059 0
1060 7
1061 0
1062 0
1063 0
1064 23
1065 0
1066 0
1067 0
1068 23
1069 0
1070 0
1071 0
1072 7
1073 0
1074 0
1075 0
1076 7
1077 0
1078 0
1079 0
1080 23
1081 0
1082 0
1083 0
1084 23
1085 0
1086 0
1087 0
1088 44
1089 0
1090 0
1091 0
1092 44
1093 0
1094 0
1095 0
1096 79
1097 0
1098 0
1099 0
1100 79
1101 0
1102 0
1103 0
1104 44
1105 0
1106 0
1107 0
1108 44
1109 0
1110 0
1111 0
1112 79
1113 0
1114 0
1115 0
1116 79
1117 0
1118 0
1119 0
1120 49
1121 0
1122 0
1123 0
1124 49
1125 0
1126 0
1127 0
1128 79
1129 0
1130 0
1131 0
1132 79
1133 0
1134 0
1135 0
1136 49
1137 0
1138 0
1139 0
1140 49
1141 0
1142 0
1143 0
1144 79
1145 0
1146 0
1147 0
1148 79
1149 0
1150 0
1151 0
1152 7
1153 0
1154 0
1155 0
1156 7
1157 0
1158 0
1159 0
1160 167
1161 0
1162 0
1163 0
1164 167
1165 0
1166 0
1167 0
1168 7
1169 0
1170 0
1171 0
1172 7
1173 0
1174 0
1175 0
1176 167
1177 0
1178 0
1179 0
1180 167
1181 0
1182 0
1183 0
1184 7
1185 0
1186 0
1187 0
1188 7
1189 0
1190 0
1191 0
1192 7895
1193 0
1194 0
1195 0
1196 7895
1197 0
1198 0
1199 0
1200 7
1201 0
1202 0
1203 0
1204 7
1205 0
1206 0
1207 0
1208 7895
1209 0
1210 0
1211 0
1212 7895
1213 0
1214 0
1215 0
1216 49
1217 0
1218 0
1219 0
1220 49
1221 0
1222 0
1223 0
1224 6307
1225 0
1226 0
1227 0
1228 6307
1229 0
1230 0
1231 0
1232 49
1233 0
1234 0
1235 0
1236 49
1237 0
1238 0
1239 0
1240 6307
1241 0
1242 0
1243 0
1244 6307
1245 0
1246 0
1247 0
1248 49
1249 0
1250 0
1251 0
1252 49
1253 0
1254 0
1255 0
1256 7895
1257 0
1258 0
1259 0
1260 7895
1261 0
1262 0
1263 0
1264 49
1265 0
1266 0
1267 0
1268 49
1269 0
1270 0
1271 0
1272 7895
1273 0
1274 0
1275 0
1276 7895
1277 0
1278 0
1279 0
1280 97
1281 0
1282 0
1283 0
1284 97
1285 0
1286 0
1287 0
1288 219
1289 0
1290 0
1291 0
1292 219
1293 0
1294 0
1295 0
1296 97
1297 0
1298 0
1299 0
1300 97
1301 0
1302 0
1303 0
1304 219
1305 0
1306 0
1307 0
1308 219
1309 0
1310 0
1311 0
1312 219
1313 0
1314 0
1315 0
1316 219
1317 0
1318 0
1319 0
1320 219
1321 0
1322 0
1323 0
1324 219
1325 0
1326 0
1327 0
1328 219
1329 0
1330 0
1331 0
1332 219
1333 0
1334 0
1335 0
1336 219
1337 0
1338 0
1339 0
1340 219
1341 0
1342 0
1343 0
1344 608
1345 0
1346 0
1347 0
1348 608
1349 0
1350 0
1351 0
1352 3879
1353 0
1354 0
1355 0
1356 3879
1357 0
1358 0
1359 0
1360 608
1361 0
1362 0
1363 0
1364 608
1365 0
1366 0
1367 0
1368 3879
1369 0
1370 0
1371 0
1372 3879
1373 0
1374 0
1375 0
1376 3879
1377 0
1378 0
1379 0
1380 3879
1381 0
1382 0
1383 0
1384 3879
1385 0
1386 0
1387 0
1388 3879
1389 0
1390 0
1391 0
1392 3879
1393 0
1394 0
1395 0
1396 3879
1397 0
1398 0
1399 0
1400 3879
1401 0
1402 0
1403 0
1404 3879
1405 0
1406 0
1407 0
1408 34527
1409 0
1410 0
1411 0
1412 34527
1413 0
1414 0
1415 0
1416 48041
1417 0
1418 0
1419 0
1420 48041
1421 0
1422 0
1423 0
1424 34527
1425 0
1426 0
1427 0
1428 34527
1429 0
1430 0
1431 0
1432 48041
1433 0
1434 0
1435 0
1436 48041
1437 0
1438 0
1439 0
1440 34527
1441 0
1442 0
1443 0
1444 34527
1445 0
1446 0
1447 0
1448 120407
1449 0
1450 0
1451 0
1452 120407
1453 0
1454 0
1455 0
1456 34527
1457 0
1458 0
1459 0
1460 34527
1461 0
1462 0
1463 0
1464 120407
1465 0
1466 0
1467 0
1468 120407
1469 0
1470 0
1471 0
1472 245035
1473 0
1474 0
1475 0
1476 245035
1477 0
1478 0
1479 0
1480 697563
1481 0
1482 0
1483 0
1484 697563
1485 0
1486 0
1487 0
1488 245035
1489 0
1490 0
1491 0
1492 245035
1493 0
1494 0
1495 0
1496 697563
1497 0
1498 0
1499 0
1500 697563
1501 0
1502 0
1503 0
1504 245035
1505 0
1506 0
1507 0
1508 245035
1509 0
1510 0
1511 0
1512 2688153
1513 0
1514 0
1515 0
1516 2688153
1517 0
1518 0
1519 0
1520 245035
1521 0
1522 0
1523 0
1524 245035
1525 0
1526 0
1527 0
1528 2688153
1529 0
1530 0
1531 0
1532 2688153
1533 0
1534 0
1535 0
1536 91
1537 0
1538 0
1539 0
1540 91
1541 0
1542 0
1543 0
1544 91
1545 0
1546 0
1547 0
1548 91
1549 0
1550 0
1551 0
1552 91
1553 0
1554 0
1555 0
1556 91
1557 0
1558 0
1559 0
1560 91
1561 0
1562 0
1563 0
1564 91
1565 0
1566 0
1567 0
1568 91
1569 0
1570 0
1571 0
1572 91
1573 0
1574 0
1575 0
1576 91
1577 0
1578 0
1579 0
1580 91
1581 0
1582 0
1583 0
1584 91
1585 0
1586 0
1587 0
1588 91
1589 0
1590 0
1591 0
1592 91
1593 0
1594 0
1595 0
1596 91
1597 0
1598 0
1599 0
1600 1033
1601 0
1602 0
1603 0
1604 1033
1605 0
1606 0
1607 0
1608 6073
1609 0
1610 0
1611 0
1612 6073
1613 0
1614 0
1615 0
1616 1033
1617 0
1618 0
1619 0
1620 1033
1621 0
1622 0
1623 0
1624 6073
1625 0
1626 0
1627 0
1628 6073
1629 0
1630 0
1631 0
1632 4577
1633 0
1634 0
1635 0
1636 4577
1637 0
1638 0
1639 0
1640 6073
1641 0
1642 0
1643 0
1644 6073
1645 0
1646 0
1647 0
1648 4577
1649 0
1650 0
1651 0
1652 4577
1653 0
1654 0
1655 0
1656 6073
1657 0
1658 0
1659 0
1660 6073
1661 0
1662 0
1663 0
1664 1337
1665 0
1666 0
1667 0
1668 1337
1669 0
1670 0
1671 0
1672 1337
1673 0
1674 0
1675 0
1676 1337
1677 0
1678 0
1679 0
1680 1337
1681 0
1682 0
1683 0
1684 1337
1685 0
1686 0
1687 0
1688 1337
1689 0
1690 0
1691 0
1692 1337
1693 0
1694 0
1695 0
1696 29913
1697 0
1698 0
1699 0
1700 29913
1701 0
1702 0
1703 0
1704 120149
1705 0
1706 0
1707 0
1708 120149
1709 0
1710 0
1711 0
1712 29913
1713 0
1714 0
1715 0
1716 29913
1717 0
1718 0
1719 0
1720 120149
1721 0
1722 0
1723 0
1724 120149
1725 0
1726 0
1727 0
1728 71735
1729 0
1730 0
1731 0
1732 71735
1733 0
1734 0
1735 0
1736 613479
1737 0
1738 0
1739 0
1740 613479
1741 0
1742 0
1743 0
1744 71735
1745 0
1746 0
1747 0
1748 71735
1749 0
1750 0
1751 0
1752 613479
1753 0
1754 0
1755 0
1756 613479
1757 0
1758 0
1759 0
1760 218301
1761 0
1762 0
1763 0
1764 218301
1765 0
1766 0
1767 0
1768 711725
1769 0
1770 0
1771 0
1772 711725
1773 0
1774 0
1775 0
1776 218301
1777 0
1778 0
1779 0
1780 218301
1781 0
1782 0
1783 0
1784 711725
1785 0
1786 0
1787 0
1788 711725
1789 0
1790 0
1791 0
1792 1177
1793 0
1794 0
1795 0
1796 1177
1797 0
1798 0
1799 0
1800 1177
1801 0
1802 0
1803 0
1804 1177
1805 0
1806 0
1807 0
1808 1177
1809 0
1810 0
1811 0
1812 1177
1813 0
1814 0
1815 0
1816 1177
1817 0
1818 0
1819 0
1820 1177
1821 0
1822 0
1823 0
1824 1177
1825 0
1826 0
1827 0
1828 1177
1829 0
1830 0
1831 0
1832 1177
1833 0
1834 0
1835 0
1836 1177
1837 0
1838 0
1839 0
1840 1177
1841 0
1842 0
1843 0
1844 1177
1845 0
1846 0
1847 0
1848 1177
1849 0
1850 0
1851 0
1852 1177
1853 0
1854 0
1855 0
1856 9867
1857 0
1858 0
1859 0
1860 9867
1861 0
1862 0
1863 0
1864 28099
1865 0
1866 0
1867 0
1868 28099
1869 0
1870 0
1871 0
1872 9867
1873 0
1874 0
1875 0
1876 9867
1877 0
1878 0
1879 0
1880 28099
1881 0
1882 0
1883 0
1884 28099
1885 0
1886 0
1887 0
1888 28099
1889 0
1890 0
1891 0
1892 28099
1893 0
1894 0
1895 0
1896 28099
1897 0
1898 0
1899 0
1900 28099
1901 0
1902 0
1903 0
1904 28099
1905 0
1906 0
1907 0
1908 28099
1909 0
1910 0
1911 0
1912 28099
1913 0
1914 0
1915 0
1916 28099
1917 0
1918 0
1919 0
1920 48041
1921 0
1922 0
1923 0
1924 48041
1925 0
1926 0
1927 0
1928 48041
1929 0
1930 0
1931 0
1932 48041
1933 0
1934 0
1935 0
1936 48041
1937 0
1938 0
1939 0
1940 48041
1941 0
1942 0
1943 0
1944 48041
1945 0
1946 0
1947 0
1948 48041
1949 0
1950 0
1951 0
1952 246297
1953 0
1954 0
1955 0
1956 246297
1957 0
1958 0
1959 0
1960 346719
1961 0
1962 0
1963 0
1964 346719
1965 0
1966 0
1967 0
1968 246297
1969 0
1970 0
1971 0
1972 246297
1973 0
1974 0
1975 0
1976 346719
1977 0
1978 0
1979 0
1980 346719
1981 0
1982 0
1983 0
1984 2662657
1985 0
1986 0
1987 0
1988 2662657
1989 0
1990 0
1991 0
1992 4817803
1993 0
1994 0
1995 0
1996 4817803
1997 0
1998 0
1999 0
2000 2662657
2001 0
2002 0
2003 0
2004 2662657
2005 0
2006 0
2007 0
2008 4817803
2009 0
2010 0
2011 0
2012 4817803
2013 0
2014 0
2015 0
2016 11814485
2017 0
2018 0
2019 0
2020 11814485
2021 0
2022 0
2023 0
2024 11814485
2025 0
2026 0
2027 0
2028 11814485
2029 0
2030 0
2031 0
2032 11814485
2033 0
2034 0
2035 0
2036 11814485
2037 0
2038 0
2039 0
2040 11814485
2041 0
2042 0
2043 0
2044 11814485
2045 0
2046 0
2047 0
