1 13
2 3
3 13
4 13
5 7
6 23
7 23
8 7
9 7
10 23
11 23
12 44
13 79
14 79
15 44
16 44
17 79
18 79
19 49
20 49
21 79
22 79
23 49
24 49
25 79
26 79
27 125
28 143
29 143
30 125
31 125
32 143
33 143
34 143
35 143
36 143
37 143
38 143
39 143
40 143
41 143
42 2207
43 2207
44 2207
45 2207
46 2207
47 2207
48 2207
49 2207
50 2207
51 2207
52 2207
53 2207
54 2207
55 2207
56 2207
57 2207
58 18
59 77
60 77
61 18
62 18
63 77
64 77
65 27
66 27
67 219
68 219
69 27
70 27
71 219
72 219
73 580
74 580
75 3879
76 3879
77 580
78 580
79 3879
80 3879
81 1975
82 1975
83 3879
84 3879
85 1975
86 1975
87 3879
88 3879
89 1001
90 1001
91 5719
92 5719
93 1001
94 1001
95 5719
96 5719
97 1001
98 1001
99 5719
100 5719
101 1001
102 1001
103 5719
104 5719
105 47089
106 47089
107 47089
108 47089
109 47089
110 47089
111 47089
112 47089
113 48769
114 48769
115 58775
116 58775
117 48769
118 48769
119 58775
120 58775
121 3
122 91
123 91
124 3
125 3
126 91
127 91
128 27
129 27
130 91
131 91
132 27
133 27
134 91
135 91
136 415
137 415
138 707
139 707
140 415
141 415
142 707
143 707
144 415
145 415
146 1695
147 1695
148 415
149 415
150 1695
151 1695
152 125
153 125
154 143
155 143
156 125
157 125
158 143
159 143
160 143
161 143
162 143
163 143
164 143
165 143
166 143
167 143
168 2753
169 2753
170 37131
171 37131
172 2753
173 2753
174 37131
175 37131
176 37131
177 37131
178 37131
179 37131
180 37131
181 37131
182 37131
183 37131
184 27
185 27
186 1177
187 1177
188 27
189 27
190 1177
191 1177
192 27
193 27
194 1177
195 1177
196 27
197 27
198 1177
199 1177
200 4977
201 4977
202 10089
203 10089
204 4977
205 4977
206 10089
207 10089
208 4977
209 4977
210 23117
211 23117
212 4977
213 4977
214 23117
215 23117
216 6393
217 6393
218 35785
219 35785
220 6393
221 6393
222 35785
223 35785
224 6393
225 6393
226 128821
227 128821
228 6393
229 6393
230 128821
231 128821
232 569669
233 569669
234 569669
235 569669
236 569669
237 569669
238 569669
239 569669
240 569669
241 569669
242 569669
243 569669
244 569669
245 569669
246 569669
247 569669
248 7
249 13
250 13
251 7
252 7
253 13
254 13
255 7
256 7
257 23
258 23
259 7
260 7
261 23
262 23
263 44
264 44
265 79
266 79
267 44
268 44
269 79
270 79
271 49
272 49
273 79
274 79
275 49
276 49
277 79
278 79
279 167
280 167
281 167
282 167
283 167
284 167
285 167
286 167
287 901
288 901
289 7895
290 7895
291 901
292 901
293 7895
294 7895
295 5527
296 5527
297 6307
298 6307
299 5527
300 5527
301 6307
302 6307
303 5715
304 5715
305 7895
306 7895
307 5715
308 5715
309 7895
310 7895
311 97
312 97
313 219
314 219
315 97
316 97
317 219
318 219
319 219
320 219
321 219
322 219
323 219
324 219
325 219
326 219
327 608
328 608
329 3879
330 3879
331 608
332 608
333 3879
334 3879
335 3879
336 3879
337 3879
338 3879
339 3879
340 3879
341 3879
342 3879
343 34527
344 34527
345 48041
346 48041
347 34527
348 34527
349 48041
350 48041
351 34527
352 34527
353 120407
354 120407
355 34527
356 34527
357 120407
358 120407
359 245035
360 245035
361 697563
362 697563
363 245035
364 245035
365 697563
366 697563
367 245035
368 245035
369 2688153
370 2688153
371 245035
372 245035
373 2688153
374 2688153
375 91
376 91
377 91
378 91
379 91
380 91
381 91
382 91
383 91
384 91
385 91
386 91
387 91
388 91
389 91
390 91
391 1033
392 1033
393 6073
394 6073
395 1033
396 1033
397 6073
398 6073
399 4577
400 4577
401 6073
402 6073
403 4577
404 4577
405 6073
406 6073
407 1337
408 1337
409 1337
410 1337
411 1337
412 1337
413 1337
414 1337
415 29913
416 29913
417 120149
418 120149
419 29913
420 29913
421 120149
422 120149
423 71735
424 71735
425 613479
426 613479
427 71735
428 71735
429 613479
430 613479
431 218301
432 218301
433 711725
434 711725
435 218301
436 218301
437 711725
438 711725
439 1177
440 1177
441 1177
442 1177
443 1177
444 1177
445 1177
446 1177
447 1177
448 1177
449 1177
450 1177
451 1177
452 1177
453 1177
454 1177
455 9867
456 9867
457 28099
458 28099
459 9867
460 9867
461 28099
462 28099
463 28099
464 28099
465 28099
466 28099
467 28099
468 28099
469 28099
470 28099
471 48041
472 48041
473 48041
474 48041
475 48041
476 48041
477 48041
478 48041
479 246297
480 246297
481 346719
482 346719
483 246297
484 246297
485 346719
486 346719
487 2662657
488 2662657
489 4817803
490 4817803
491 2662657
492 2662657
493 4817803
494 4817803
495 11814485
496 11814485
497 11814485
498 11814485
499 11814485
500 11814485
501 11814485
502 11814485

